-12.89063309603799
-12.390635928036376
-11.906238912099072
-11.421869216918449
-10.937499521737823
-10.43750235373621
-9.953132658555585
-9.468762963374962
-8.984365947437658
-8.484368779436045
-7.999999084255419
-7.515629389074795
-7.031260120780995
-6.531262952779381
-6.046865936842077
-5.562496241661452
-5.078126546480828
-4.578129378479215
-4.0937596832985905
-3.609362667361286
-3.1249927587372506
-2.624995590735637
-2.140625895555013
-1.6562562003743886
-1.1718865051937644
-0.6718620164354708
-0.18749233459505982
0.296874999367824
-6.031238464021087
-5.4375037798502195
-4.953134084669595
-4.48436454155328
-3.9999948463726556
-3.4999974649276306
-3.0312552425679953
-2.546885547387371
-2.0624885314500667
-1.5624913634484534
-1.06249419544684
-0.5781245002662159
-0.07812734560481564
0.43750000328107114
0.9218750078665581
1.4218749506325217
1.9218750001201912
2.406250031386105
2.906249974152068
3.406249916918032
3.8749998232404836
4.3593750679498084
4.781249812885285
5.26562505759461
5.734374963917062
6.250000031626487
6.828125172222938
7.328125328432313
7.828125057754865
8.312499875577368
8.781249781899819
9.171875130722018
9.640625037044469
10.14062476636702
10.624999584189522
11.09375034428562
11.578125162108122
12.062499979930625
12.562499709253176
13.046875380849324
13.531250198671826
14.109375339268276
14.593749303317132
15.109375651687026
15.593750469509528
16.078125287332032
16.53125028215443
16.937499688703035
17.468750094799333
18.000000500895634
18.484375318718136
18.95312437126694
19.359375485362836
19.812500480185236
20.28124953273404
20.78125011583024
21.31250052192654
21.796875339749043
22.28125015757154
22.749999210120347
23.218749970216447
23.70312478803895
24.18749960586145
24.671874423683953
25.14062518378005
25.65624982460265
26.15625040769885
26.64062522552135
33.90625090795346
34.40625149104966
27.953124621714757
28.453125204810956
28.95312408035986
29.45312466345606
29.953125246552258
37.31250039798467
37.79687350825988
38.29687409135608
38.78125061672588
39.265623727001085
39.750000252370874
40.23437336264609
40.71874988801588
41.203126413385675
41.68749952366088
35.56250006469527
36.04687659006506
36.531249700340275
37.015626225710065
37.49999933598528
37.98437586135507
38.45312491390388
38.93750143927367
46.09375017988449
46.578126705254284
40.359376069741074
47.54687634089929
48.031249451174496
48.51562597654429
49.01562655964049
49.4999996699157
49.98437619528549
50.4687493055607
50.953125830930496
51.4374989412057
51.937499524301906
52.4218760496717
52.90624915994691
53.3906256853167
53.874998795591914
54.37499937868811
54.859375904057906
51.1718762994785
51.67187346748011
52.17187405057631
52.68749869139891
53.203123332221516
53.74999950359151
54.250000086687706
54.76562472751031
59.234371614639535
59.73437561283031
60.21875213820011
60.703121833380735
61.18749835875053
61.67187488412032
62.15625140949012
62.65624857749173
63.14062510286153
63.62500162823132
64.10937815360111
64.59374784878173
65.09375184697252
65.59374901497414
66.07812554034393
66.56250206571372
67.06249923371534
67.54687575908513
68.03125228445492
68.53124945245654
69.01562597782633
69.50000250319613
69.99999967119774
70.48437619656754
70.96875272193734
71.46874988993895
71.95312641530873
68.99999850500534
69.50000250319613
69.98437219837675
70.46874872374654
70.96875272193734
71.45312241711795
71.93749894248775
72.43750294067853
72.92187263585916
73.42187663404994
73.89062568659874
74.37500221196854
74.87499937997015
75.37500337816094
75.79687684243594
76.24999842216376
80.28125120238616
80.76562772775594
81.24999742293657
81.75000142112735
82.23437794649715
82.71874764167778
83.21875163986856
83.70312816523835
84.18749786041897
84.68750185860976
85.18749902661138
85.67187555198117
86.15625207735096
86.64062177253159
87.12499829790139
87.60937482327117
88.09375134864096
88.57812787401076
89.0624975691914
89.54687409456118
90.04687809275197
90.53124778793259
91.01562431330238
91.50000083867218
91.98437736404198
92.4687470592226
92.95312358459239
90.00000250447816
90.45312408420598
90.92187313675478
94.90625032870338
95.39062685407318
95.87500337944297
96.3593730746236
96.84374959999339
97.32812612536318
97.81250265073298
98.29687234591361
95.07812520897758
95.49999867325259
96.04687825971718
96.56250290053978
97.0468725957204
97.46875289018458
101.70312183594481
102.18749836131461
102.6718748866844
99.57812704174879
103.64062793742399
104.1406251054256
104.5781260425216
101.1250009642166
101.57812254394442
102.0312509538614
102.46875189095739
102.9375009435062
103.40624999605501
103.90624716405662
104.26562439742601
108.93750111047142
109.4218776358412
109.90624733102183
110.39062385639163
110.87500038176142
111.3593769071312
111.84374660231184
112.32812312768164
108.70312316910243
109.14062410619842
109.65624874702102
110.1562527452118
110.65624991321341
111.14062643858321
111.68749919485863
112.17187572022841
112.62499729995623
113.06249823705222
113.59375035069583
114.06249940324463
114.57812404406724
119.10937399229124
119.59374368747186
116.12500479672421
116.54687826099922
117.03124795617984
117.48437636609682
117.92187730319283
118.46874322927907
118.78125170456383
123.46875589043022
123.96875305843183
124.45312275361246
124.93750610917142
125.42187580435204
125.92187297235365
126.40625632791262
126.89062602309325
127.37499571827387
127.87500654665382
128.35937624183444
128.8437459370151
129.32812929257403
129.82812646057565
130.31249615575626
130.79687951131524
131.28124920649586
131.78124637449747
132.26562973005645
132.74999942523706
127.32812696018924
127.81249665536987
128.28125253810785
128.74999476046747
129.23437811602645
129.71874781120707
136.1718695579001
136.65625291345907
134.93750411071704
135.31249515652908
138.12500313220025
138.6093728273809
139.09375618293984
136.65625291345907
140.07812304612207
134.48437570080006
134.93750411071704
135.42187380589766
142.03125662042225
142.51562631560287
141.8749955525907
143.5312481244271
144.01563147998607
144.5000011751667
144.9843708703473
145.46875422590628
145.9531239210869
146.43749361626752
145.2499969271691
145.70312533708608
146.18749503226672
146.67187838782567
147.10937932492166
147.56249407446032
148.0468774300193
150.34374710448952
150.82813046004847
151.3125001552291
150.5156219847637
150.8593717453121
152.7656229011493
153.2656200691509
153.7500034247099
154.2343731198905
154.71875647544948
155.2031261706301
155.68749586581072
156.1875066941907
156.6718763893713
157.15624608455192
157.6406294401109
158.12499913529152
158.60936883047214
159.0937521860311
157.21875597583588
160.07811904921334
160.56250240477232
161.04687209995294
161.53125545551188
162.01562515069253
162.51562231869414
163.03124695951672
163.5156303150757
164.00000001025631
164.48436970543696
164.9843805338169
165.46875022899752
165.95311992417814
166.43750327973711
166.93750044773873
167.42187014291935
167.90625349847832
168.40625066647993
168.89062036166055
169.37500371721953
169.85937341240015
170.35937058040176
170.84375393596073
171.32812363114135
171.82812079914297
172.3125041547019
172.79687384988256
173.28124354506318
173.78125437344312
174.26562406862374
174.74999376380438
175.25000459218433
175.73437428736494
176.21874398254556
176.70312733810454
177.20312450610615
177.68749420128677
178.17187755684574
178.67187472484736
179.15624442002797
179.64062777558695
-179.87499888676675
-179.37500171876513
-178.8906183632062
-178.40624866802557
-177.90625150002396
-177.45312309010697
-176.968739734548
-176.48437003936738
-176.00000034418676
-175.51561698862778
-175.03124729344717
-174.54687759826655
-174.06249424270757
179.2499955965756
-173.09374119196798
-172.60937149678736
-172.12500180160674
-171.64061844604777
-171.14062127804615
-177.81250032347634
-177.3281169679174
-176.84374727273675
-176.35937757755613
-175.87499422199718
-175.39062452681654
-174.9062411712576
-174.42187147607697
-173.93750178089633
-173.45311842533738
-172.96874873015676
-165.32811663398695
-164.82811946598534
-164.34374977080472
-171.01561515585658
-163.37499672006513
-162.8906270248845
-162.40624366932556
-161.92187397414492
-161.43749061858597
-160.95312092340532
-160.4687512282247
-167.12500280083393
-159.4999981774851
-159.01561482192616
-165.82812746236692
-165.32811663398695
-164.84374693880633
-164.35937724362572
-163.87499388806674
-163.39062419288612
-162.90624083732718
-162.42187114214653
-161.9375014469659
-161.45311809140694
-160.9843758690473
-160.49999251348834
-160.01562281830772
-159.5312531231271
-159.04686976756813
-158.5625000723875
-158.07811671682856
-157.5937470216479
-157.1093773264673
-156.62499397090835
-148.8125006548427
-148.32811729928372
-147.8437476041031
-154.7812527063551
-154.29686935079613
-153.79687218279452
-153.3125024876139
-152.81249165923393
-152.3281219640533
-151.8437522688727
-151.34374144049275
-143.48436570596414
-142.9999960107835
-149.04687176602252
-148.56250207084187
-148.06249124246193
-147.5781215472813
-147.0937518521007
-146.60936849654172
-146.1249988013611
-145.54687792963287
-144.9843708703473
-144.4531187567037
-143.93749411588112
-143.45312442070048
-142.96874106514153
-142.46874389713992
-141.9687467291383
-141.4687495611367
-140.96875239313508
-140.4687415647551
-139.9531169239325
-139.45311975593089
-138.9374951151083
-138.4218704742857
-137.93750077910508
-137.4374899507251
-136.9218653099025
-136.4218681419009
-135.92187097389927
-135.43750127871866
-134.8906216922541
-134.35936957861048
-133.87499988342987
-133.3906165278709
-132.90624683269027
-132.42187713750965
-131.93749378195068
-131.45312408677006
-130.9687407312111
-130.48438469640882
-129.96873273482953
-129.4843630396489
-128.9843658716473
-128.31249382337148
-127.79686918254887
-127.29687201454726
-126.78124737372467
-126.29687767854404
-125.79688051054242
-125.29688334254081
-124.78125870171822
-124.29686168578091
-123.79686451777928
-123.32812229541966
-122.84375260023903
-122.35938290505841
-121.8749858891211
-121.40624366676147
-120.93750144440183
-120.4687592220422
-119.99998967892589
-119.54687492938724
-119.06250523420661
-118.62499063673228
-112.32813678805996
-111.84373977212266
-111.35937007694204
-110.85937290894043
-116.71873948089508
-109.89063351857918
-109.40626382339856
-108.92186680746126
-108.43749711228062
-114.17187805261321
-113.70313583025357
-113.21876613507295
-112.73436911913565
-112.26562689677601
-111.7656297287744
-111.29688750641476
-104.53125728443698
-104.04688758925636
-103.56249057331905
-103.07812087813842
-102.57812371013681
-102.09375401495619
-101.60938431977556
-108.62499946537582
-108.14062977019519
-107.64063260219358
-107.18749053189825
-106.68749336389664
-106.218751141537
-105.73438144635638
-97.7499995896382
-97.26562989445758
-96.78126019927694
-96.29689050409633
-95.81249348815902
-95.32812379297839
-94.82812662497678
-100.59376251095135
-100.07813787012874
-99.57814070212713
-99.06251606130452
-98.54689142048193
-98.04686693172363
-97.53124229090103
-97.0312451228994
-96.51562048207681
-95.98436836843322
-95.48437120043161
-94.968746559609
-94.46874939160739
-93.96875222360578
-93.46875505560416
-92.95313041478155
-92.46876071960094
-91.96876355159932
-91.46876638359771
-90.9531417427751
-90.4687447268378
-89.96874755883618
-89.46875039083457
-88.98438069565395
-88.48438352765234
-87.98438635965073
-87.5000166644701
-86.99999217571181
-86.4843675348892
-85.96874289406661
-85.46874572606498
-84.98437603088436
-84.48437886288275
-84.00000916770213
-83.50001199970052
-83.01561498376321
-82.5156178157616
-82.03124812058097
-81.54687842540035
-81.06250873021972
-80.5781390350391
-80.0937420191018
-79.57811737827919
-79.09374768309857
-78.62500546073893
-78.1406357655583
-77.67186622244199
-77.18749652726137
-76.71875430490174
-76.2343846097211
-75.7656150666048
-75.28124537142416
-74.81250314906454
-74.32813345388391
-73.85939123152427
-73.39062168840796
-67.10938848236748
-72.37499987958374
-71.95314007568707
-71.54688042385472
-71.14062077202236
-70.73438844094667
-70.40626615321926
-69.78124920264975
-63.23437627940912
-62.750006584228494
-62.26563688904787
-61.781239873110565
-61.28124270510895
-60.78124553710734
-60.29687584192671
-59.81250614674609
-59.32813645156547
-58.843766756384845
-58.35936974044754
-57.875000045266916
-57.3750028772653
-56.89062976699009
-56.40626007180947
-55.921863055872166
-55.43749336069154
-54.953123665510915
-61.29687017792994
-60.81250048274932
-60.328130787568696
-59.84376109238807
-59.34376392438646
-52.0312507008495
-51.54688100566887
-51.04688383766726
-50.562486821729955
-50.07811712654934
-57.0468771744433
-56.54688000644169
-56.062510311261065
-55.54688567043846
-55.04686118168017
-54.562491486499546
-54.06249431849793
-53.57812462331731
-53.078127455315695
-52.57813028731408
-52.07813311931247
-51.578135951310855
-51.09373893537355
-50.59374176737194
-50.093744599370325
-49.6093749041897
-49.10937773618809
-48.65626298664944
-48.18749344353312
-47.7031237483525
-39.89061677190851
-39.3906196039069
-38.90624990872628
-45.765617646873324
-45.2812479516927
-44.7656233108701
-36.95311633442611
-36.46874663924549
-43.2031219155813
-42.6874972747587
-42.20312757957807
-41.70313041157646
-41.218760716395835
-40.703136075573234
-40.21873905963593
-39.718741891634316
-39.23437219645369
-38.73437502845208
-38.234377860450465
-37.75000816526984
-37.265611149332535
-36.76561398133092
-36.2812442861503
-35.79687459096967
-35.31250489578905
-34.82813520060842
-27.18750310443864
-26.703133409258015
-26.21873639332071
-32.76563663731801
-32.26561214855972
-31.781242453379097
-31.281245285377484
-30.76562064455488
-30.281250949374257
-29.78125378137264
-29.281256613371028
-28.812487070254715
-28.32811737507409
-27.843747679893465
-27.34375051189185
-26.859380816711226
-26.375011121530605
-25.859386480708
-25.374989464770696
-24.89061976959007
